#This file contains viewpoints for a VMD script, view_change.tcl.
#Type 'source tmp.pts' from the VMD command window to load these viewpoints.

set viewpoints(0,0,0) { {{0.686704 -0.726339 -0.0295325 0} {0.396589 0.340281 0.852601 0} {-0.609228 -0.597196 0.521731 0} {0 0 0 1}} }
 
set viewpoints(0,0,1) { {{1 0 0 -45.728} {0 1 0 -48.3013} {0 0 1 -15.5706} {0 0 0 1}} }
 
set viewpoints(0,0,2) { {{0.0155263 0 0 0} {0 0.0155263 0 0} {0 0 0.0155263 0} {0 0 0 1}} }
 
set viewpoints(0,0,3) { {{1 0 0 0} {0 1 0 0} {0 0 1 0} {0 0 0 1}} }
 
puts "\nLoaded viewpoints file tmp.pts \n"

